1025
3
1028
1029
1030
1032
1033
1036
1037
1038
1039
34
17
1042
1043
1046
1047
1049
1050
175
1052
1053
1054
5
32
1058
1060
1061
1062
291
1066
1067
1069
1072
179
52
54
56
59
62
63
64
1091
71
88
89
1114
91
37
94
293
1129
106
1133
110
111
1142
1143
55
38
127
45
134
1161
1164
1166
1170
147
150
1175
152
154
155
156
158
159
163
164
165
166
167
1192
1194
171
172
173
1199
176
177
178
1203
1
184
185
186
190
192
193
1218
1219
196
197
199
202
203
204
205
1230
207
211
1236
206
1239
1241
1242
1243
221
222
223
225
226
228
229
230
231
1259
1261
1262
1264
1268
245
41
1021
249
253
254
255
256
257
258
260
261
262
263
265
266
269
271
275
276
277
279
281
282
286
287
288
290
219
292
1158
294
295
298
299
300
301
302
303
304
305
306
51
308
309
310
312
35
224
326
330
331
332
333
1017
341
344
345
1371
1372
1373
1375
1377
1378
29
235
30
151
238
6
329
1014
1015
1495
1498
1502
119
1001
1005
1006
1008
1009
1010
1011
1012
1013
1526
1527
1529
1018
1019
1020
1023